>0
1346,1198,1658,1212,1419,1456
>1
1162,1580,1610,1279,1272,1683,1381
>2
1224,1438,1379,1024,1384,1005
>3
1634,1586
>4
1161,1120,1484,1054,1114,1522,1116,1016,1017,1671,1216,1644,1246,1595,1601,1101,1387
>5
1359,1252,1395,1037
>6
1347,1190,1548,1257,1602,1438,1008
>7
1227,1614,1547,1149,1055,1193,1258,1094,1159,1669,1215,1219,1332,1554,1363
>8
1054,1039,1116,1292,1033,1016,1171,1239,1538
>9
1058,1098
>10
1147,1467,1218,1576,1000
>11
1142,1243
>12
1085,1052,1613,1584,1335,1133,1423,1594,1475,1249
>13
1086,1122,1260,1088,1633,1056,1076,1612,1524,1370,1442,1390,1355,1697,1589,1042,1516,1511,1288,1463,1572
>14
1196,1442,1678,1133,1438,1476,1571
>15
1126,1055,1582,1258,1039,1537
>16
1636,1070,1196,1497,1065
>17
1143,1586,1148,1634,1136,1499,1187
>18
1655,1642,1184,1607,1418,1364
>19
1171,1656,1292
>20
1307,1146,1147,1525,1375,1467,1179,1099,1040,1627,1602,1660
>21
1221,1693,1313,1643
>22
1195,1502,1650,1151,1594,1438,1415
>23
1164,1127,1656,1173,1233,1494,1551
>24
1486,1316,1211,1431,1600,1364,1365
>25
1148,1341,1130,1499
>26
1262,1446
>27
1588,1503,1150,1592,1530
>28
1263,1585,1411
>30
1374,1235,1219,1135,1598,1367,1538
>31
1167,1586,1257,1393,1474,1186,1182,1247,1246
>32
1054,1016,1477
>33
1486,1635,1059,1525,1359,1132,1627,1064,1412
>34
1019,1210,1350,1597,1363,1453,1663
>35
1161,1204,1427,1429,1428,1447,1032,1464,1030,1017,1565,1391,1210,1276,1043,1646,1640,1629,1107,1458
>36
1378
>37
1483,1673,1238,1599,1069,1608,1654
>38
1225,1160,1080,1606,1347,1190,1295,1182,1439,1660
>39
1121,1197
>40
1121,1055,1197,1521,1258,1219,1332,1554,1605,1363,1614
>42
1605,1089,1589,1521,1062,1002
>43
1167,1122,1309,1126,1584,1484,1207,1114,1677,1342,1334,1332,1435,1476,1410,1516
>44
1685,1482
>45
1140,1162,1080,1519,1486,1051,1465,1562,1564,1278,1095,1270,1319,1675,1641,1557,1624,1288,1009,1667
>46
1054,1523,1548,1374,1016,1296,1093,1274,1596,1607,1578,1360,1008
>47
1068,1098,1455
>48
1428,1194,1447,1441,1032,1239,1152,1629,1472,1639
>49
1068,1208,1455,1692,1496
>50
1226,1260,1203,1520,1693,1448,1033,1643,1431,1603,1512
>51
1166,1052,1371,1095,1237,1682,1577
>52
1140,1209,1223,1503,1252,1359,1592,1598
>53
1122,1614,1468,1332,1435,1026,1044,1516,1074
>54
1504,1520
>55
1224,1619,1113,1112,1684,1388,1368,1661
>56
1166,1146,1205,1344,1309,1052,1371,1038,1565,1034,1024,1577,1642,1183,1107,1572
>57
1156,1388,1590
>58
1302,1292,1401,1406,1171,1648
>59
1142,1085,1222,1123,1423,1397,1291,1551,1677,1005
>60
1085,1161,1081,1207,1536,1482,1423,1324,1426,1310,1612,1502,1370,1463,1099,1355,1024,1027,1642,1392,1241,1685,1246,1005,1415
>61
1547,1250,1317,1621,1600
>62
1122,1211,1301,1424,1011,1097,1435,1431,1666,1516
>63
1269,1691,1037,1287,1552,1281,1240
>64
1278,1673,1005
>65
1636,1118
>66
1321,1341,1125,1613,1597,1395
>67
1200,1202,1545,1057,1587,1357,1497,1182
>68
1350,1178,1042,1534,1363,1474
>69
1050,1372,1651,1601
>70
1161,1260,1522,1293,1291,1098,1589,1181,1688
>71
1072,1073,1522,1566,1551,1380,1602,1366,1476
>72
1084,1340,1542,1193,1409,1039,1294,1215,1134,1495,1649,1470,1669,1575,1417
>73
1696,1138,1068
>74
1128,1209,1220,1487,1505,1654,1359,1398,1069,1643,1603,1383
>75
1524,1697,1010,1295,1359,1438,1451
>76
1429,1612,1463,1335,1132,1285
>77
1146,1263,1488,1585,1038,1241,1411
>78
1221,1200,1424,1616,1476,1011,1621,1104,1245,1666
>79
1275,1591,1281
>80
1166,1263,1203,1484,1547,1054,1585,1371,1114,1116,1403,1016,1294,1295,1149,1159,1452,1155,1595,1689,1593,1474,1517,1577
>81
1080,1429,1073,1404,1446,1133
>82
1085,1083,1196,1421,1423,1524,1697,1230,1335,1119,1244
>83
1402,1401,1406,1066,1108
>84
1303,1425,1581,1502,1314,1133,1218,1099,1454,1470,1575
>85
1304,1268,1696,1544,1545,1542,1072,1376,1154,1440,1098,1319,1493,1499,1566,1665,1663,1129,1321,1568,1138,1134,1644,1648,1507,1021,1031,1437,1027,1627,1023,1452,1447,1112,1560,1290,1563,1294,1289,1607,1689
>86
1340,1104,1616,1461,1369
>87
1043,1177,1280,1582,1653,1479,1458,1698
>88
1335,1132,1179,1647,1457
>89
1316,1219,1374,1365
>90
1260,1481,1485,1427,1426,1374,1174,1276,1624,1180,1667,1414,1574
>91
1399,1251,1401,1406,1259,1474,1136,1550,1631,1418,1477,1100,1655,1416
>92
1632,1196,1217,1360,1682
>93
1075
>94
1278
>95
1470,1575
>96
1232,1432,1601,1180
>97
1121,1117,1440,1674,1290,1331,1490,1575,1470,1471,1103,1416
>98
1426,1251,1136,1571,1554
>99
1222,1265,1427,1637,1190,1691,1174,1276,1068,1552,1455
>100
1313,1221,1605,1229,1549,1482,1521,1685
>101
1269,1483,1502,1297,1091,1310,1137,1354
>102
1128,1325,1263,1480,1488,1426,1192,1585,1626,1559,1668,1411
>103
1228,1395,1117,1271
>104
1050,1110,1376,1464,1030,1651,1136,1290,1017,1100
>105
1266,1401,1620,1185,1406,1240
>106
1075
>107
1326,1191,1195,1650,1151,1594,1533,1664
>108
1075,1490,1103,1674
>109
1080,1154,1378,1563,1474,1179
>110
1340,1057,1587,1440,1011,1242,1666,1663
>111
1304,1268,1568,1544,1545,1542,1072,1155,1154,1027,1319,1385,1663,1129,1321,1080,1526,1015,1138,1136,1134,1644,1587,1507,1437,1057,1696,1112,1440,1290,1563,1566,1607,1367,1471
>112
1632,1217,1324,1481,1518
>113
1060
>114
1430,1332,1407
>115
1655,1027
>116
1128,1630,1036,1450
>117
1677,1633,1145,1524,1697,1105,1560,1031,1037,1218,1318,1646,1289,1532,1000
>118
1145,1126,1421,1633,1244,1150,1508
>119
1268,1010
>120
1086,1160,1203,1420,1653,1461,1336,1662
>121
1632,1193,1612,1525,1463,1217,1627,1624,1289,1667,1248
>122
1321,1613,1373,1395,1597,1023,1602,1530
>123
1326,1126,1420,1057,1587,1113,1505,1393,1137,1436,1471,1102
>124
1620,1047,1559,1266,1240,1242,1250
>125
1079,1500,1690,1627,1525
>126
1094,1621,1600,1250,1348
>127
1227,1341,1201,1638,1210,1255,1396,1508,1291,1013,1230,1172,1168,1659,1433,1003
>128
1147,1342,1018,1251,1467,1234,1431,1007
>129
1207,1493
>130
1128,1205,1267,1345,1487,1428,1447,1527,1398,1032,1508,1139,1237,1339,1091,1310,1168,1330,1609,1284,1509,1554,1629,1067,1506,1385,1003
>131
1204,1228,1271,1534
>133
1199,1657,1479,1162,1599
>134
1119,1670,1230,1470,1575
>135
1227,1615,1253,1652,1016,1232,1432,1601,1180
>136
1221,1313,1133,1496,1600,1538
>137
1224,1698
>138
1376,1198,1636,1256,1440,1245,1663
>139
1199,1611,1115,1214
>140
1128,1305,1542,1337,1134,1497,1244
>141
1565,1035,1331,1622,1107,1362
>142
1229,1428,1112,1032,1273,1629
>143
1261,1635,1073,1278,1236,1310,1330,1625,1579,1459
>144
1393
>145
1372,1210,1277
>146
1339,1343,1114,1484,1498,1392
>147
1402,1316,1365,1687
>148
1325,1175,1055,1678,1529,1258,1096,1231,1311,1239,1667,1597,1046,1023,1624,1289,1438,1472,1684,1007,1368
>149
1344,1695,1339,1183
>150
1220,1263,1123,1229,1585,1406,1401,1411
>151
1216,1051,1425,1073,1472,1466,1671,1316,1314,1239,1365,1519
>152
1348
>153
1223,1079,1500,1298,1393,1012,1099,1275,1041,1281,1624,1667
>154
1086,1233,1331,1068,1367
>155
1425,1469,1523,1178,1555,1556,1076,1362,1511
>156
1143,1586,1148,1634,1136,1499,1187
>157
1395,1656,1173,1312,1171,1156,1356,1494,1590,1660
>158
1053,1158,1340,1156,1613,1104,1590
>159
1425,1154,1384,1514
>160
1227,1614,1547,1149,1055,1193,1258,1094,1159,1669,1215,1219,1332,1554,1363
>161
1165,1600,1597
>162
1209,1421,1544,1568,1695,1466,1404,1133,1423,1356,1596,1677,1244,1100,1390
>163
1561,1036
>164
1234,1209,1203,1018,1259,1136,1100
>165
1641,1557,1286,1564
>166
1148,1013,1152,1433
>167
1307,1265,1637,1449,1232,1499,1025,1641,1061,1531,1583,1517
>168
1142,1129,1084,1120,1168,1632,1409,1037,1698,1217,1495,1277,1649,1003
>169
1263,1198,1442,1014,1604,1682,1660
>170
1144,1175,1198,1548,1525,1251,1291,1296,1096,1237,1238,1609,1608,1627,1046,1474,1008
>171
1345,1632,1111,1019,1251,1217,1218,1430,1407
>172
1215,1669
>173
1227,1305,1320,1149,1264,1199,1547,1548,1254,1466,1296,1657,1159,1681,1418,1008
>174
1235,1481,1682,1405,1095,1135,1318,1284,1188,1558,1532,1662
>175
1239,1472
>176
1422,1372,1338,1136,1242
>177
1224,1200,1202,1056,1257,1468,1463,1314,1173,1270,1494,1088,1623,1283,1044,1186,1247
>178
1677
>179
1082,1630,1679,1313,1131,1039,1006,1413
>180
1089,1444,1657,1023
>181
1326,1340,1519,1123,1051,1616,1352,1378,1671,1333,1104
>182
1690,1334,1277
>183
1526,1410
>184
1161,1420
>185
1124,1468,1130,1044,1478
>186
1269,1326,1208,1402,1528,1672,1091,1233,1436
>187
1223,1503,1252,1359,1592
>188
1610,1679,1567,1357,1683
>189
1112,1509
>190
1431,1507
>191
1581,1317,1432,1180,1532
>192
1469,1091,1597,1362
>194
1181,1005
>195
1112,1022,1473
>196
1287,1532
>197
1232,1432,1601,1180
>198
1227,1305,1303,1168,1199,1053,1408,1561,1508,1657,1551,1043,1283,1458,1454,1003
>199
1588,1503,1150,1592,1530
>200
1618,1676,1095,1272,1682,1518
>201
1419,1610,1110,1658,1290,1157,1599,1028,1100,1246,1387
>202
1553,1318,1105
>203
1148,1053,1543,1256,1158,1642,1187
>204
1222,1397,1462,1274,1607,1360,1414
>205
1143,1161,1126,1659,1563,1012,1154,1041
>206
1443,1698,1364,1475
>207
1464,1030,1017,1407,1430,1036
>208
1581,1588,1273
>209
1229,1192,1549,1289,1106
>210
1269,1084,1341,1256,1376,1293,1564,1091,1557,1063,1450,1412
>211
1212,1140,1209,1203,1191,1613,1196,1018,1655,1234,1136,1664,1555,1418,1533,1006,1413,1112
>212
1481,1010,1449,1096,1150,1175,1347,1608,1046,1061,1439
>213
1090,1022,1206,1136,1537,1083
>214
1304,1167,1207,1484,1584,1114,1342,1331,1218,1150,1471,1476,1410
>215
1632,1011,1217
>216
1084,1266,1678,1506,1694
>217
1174,1062
>218
1637,1308,1265
>219
1406,1553,1401,1285
>220
1165,1484,1654,1420,1612,1692,1114,1449,1177,1284,1069,1606,1463,1417
>221
1300,1636,1652,1297,1673,1178,1515,1354,1557,1243
>222
1320,1420,1058,1694,1506,1290,1655,1176,1493,1286,1418,1004,1382
>223
1127,1549,1032,1273,1629,1457,1428
>224
1175,1428,1447,1032,1037,1096,1273,1629
>225
1144,1191,1526,1468,1015,1654,1623,1318,1069,1664,1606,1105,1533,1532,1452,1689,1572,1295
>226
1691,1037,1552
>227
1165,1051,1163,1461,1671,1644,1317,1229,1535,1519,1369
>229
1307,1344,1264,1481,1428,1447,1032,1528,1273,1599,1024,1629,1183,1681
>230
1499,1189,1476
>231
1483,1660,1528,1035
>232
1329,1079,1596,1680
>233
1313,1436
>234
1083,1147,1050,1581,1467,1651,1136,1062,1000
>235
1658,1546,1419,1100,1246,1387
>236
1307,1481,1545,1058,1694,1506,1290,1232,1132,1497,1284,1286,1531
>237
1128,1305,1542,1337,1134,1497,1244
>238
1206,1078,1426,1059,1316,1238,1560,1432,1180,1367
>239
1079,1617,1288,1500
>240
1164,1143,1081,1343,1536,1191,1652,1565,1060,1107,1664
>241
1503,1033,1350,1592,1363
>242
1375,1028,1066,1243,1108
>244
1075,1594,1249
>245
1532,1080,1201,1230,1606,1524,1697,1682,1396,1295,1095,1318,1644,1105,1576
>246
1148,1523,1037,1691,1552,1187,1418,1655,1415
>247
1344,1183,1264,1599,1681
>248
1420,1569,1181
>249
1493
>250
1083,1378,1626
>251
1195,1650,1218,1496,1553,1419
>252
1656,1090,1312,1093,1106
>253
1144,1545,1504,1230,1475,1598
>254
1221,1378,1155,1626
>255
1610,1477,1542,1532,1237,1157,1350,1137,1134,1318,1609,1243,1105,1363,1360
>256
1524,1212,1697,1623,1557,1564,1063
>257
1611,1115,1657,1214,1069,1654
>258
1121,1228,1614,1695,1271,1181
>259
1037,1434,1602
>260
1223,1079,1500,1359,1628
>261
1066,1108
>262
1208,1122,1260,1394,1636,1612,1502,1370,1682,1442,1400,1655,1463,1390,1095,1358,1310,1355,1597,1040,1185,1604,1418,1578,1474,1516,1576
>263
1205,1223
>264
1268,1120,1485,1035,1094,1437,1648,1574
>265
1304,1305,1264,1545,1462,1316,1397,1497,1012,1129,1337,1243,1452,1167,1205,1565,1295,1178,1041,1681,1689
>266
1083,1122,1614,1390,1219,1332,1435,1648,1516
>267
1306,1224,1088,1588,1293,1673,1608,1048,1686,1660
>268
1120,1546,1632,1193,1652,1392,1449,1217,1233,1283,1624,1061,1062,1037,1667
>269
1229
>270
1209,1341,1342,1524,1697,1293,1296,1090,1093,1623,1061,1063,1450,1513
>271
1340,1051,1053,1671,1158,1240,1104,1519
>272
1203,1614,1658,1477,1232,1335,1219,1136,1041,1419,1012,1101
>273
1126,1694,1506,1528,1351,1436
>274
1524,1212,1697,1623,1557,1564,1063
>275
1147,1503,1252,1467,1020
>276
1164,1544,1081,1022,1133,1536,1073,1568,1404
>277
1338,1422,1613,1112,1655,1212,1136,1418
>279
1257,1468,1401,1359,1505,1553,1044,1541,1406
>280
1579
>281
1321,1267,1630,1011,1334,1185,1102,1100,1666
>282
1564,1212,1132,1015,1557,1385
>283
1203,1054,1116,1016,1296,1294,1295,1090,1093,1595,1474,1452,1689
>284
1045
>285
1129,1222,1484,1659,1114,1397,1035,1277,1462
>286
1164,1143,1081,1124,1053,1541,1158,1169,1555,1536,1244
>287
1418,1698,1655,1106
>288
1025,1141,1546,1583
>289
1325,1465,1277
>290
1358
>291
1301,1204,1635,1610,1673,1097,1132,1157,1570,1060,1181,1531
>292
1042,1010
>293
1058,1358,1189
>294
1096,1175
>295
1600,1444,1404
>296
1403,1529,1231,1068,1455,1665
>297
1658,1321,1630,1500,1011,1173,1688,1283,1079,1419,1102,1666,1665
>298
1631,1153,1416
>299
1224,1438,1379,1024,1384,1005
>300
1141,1054,1110,1116,1016,1150,1595
>301
1149,1159,1408,1561,1315,1547,1625,1534
>302
1192,1024,1005
>303
1560,1449,1589,1555,1061,1060,1596
>304
1141,1561,1562,1009,1675
>305
1161,1366,1522
>306
1481,1092
>307
1083,1229,1456,1549,1460,1346,1683,1686
>308
1181
>309
1321,1262,1486,1079,1500,1296,1451,1350,1090,1093,1156,1590,1068,1554,1184,1367,1242,1363,1008
>310
1327,1001
>311
1212,1304,1209,1618,1346,1456,1299,1460
>312
1167,1619,1469,1388,1315,1332,1435,1362
>313
1331,1275,1356,1551,1510
>314
1169,1485,1489,1377,1177,1232,1622,1531,1574
>315
1405,1336,1188,1558,1365,1475,1662
>316
1142,1628,1421,1027,1048,1244,1474
>317
1327,1522,1606,1105,1441,1318,1366,1001,1639
>318
1284
>319
1310,1330
>320
1142,1588,1324,1299,1477,1177,1379,1040,1241,1389,1005,1539
>321
1266,1275,1591,1620,1281
>322
1488,1076,1400,1394,1555,1511
>323
1083,1649,1342,1481,1307,1055,1258,1213,1338,1495,1497
>324
1359,1335,1340,1252
>325
1165,1143,1461,1259,1152,1369
>326
1631,1399,1677,1297,1354,1499,1550,1641
>327
1085,1206,1347,1423,1190,1075,1173,1312,1171,1356,1494,1675,1656,1438,1439,1009,1660
>328
1078,1527,1404,1139,1155
>329
1075,1678,1470,1510,1575
>330
1144,1001,1541,1561,1213,1315,1408,1599,1598,1534,1414
>331
1618,1617,1613,1393,1404,1133,1288
>333
1225,1110,1272,1150,1620,1240
>334
1631,1308,1445,1534,1416
>335
1222,1611,1019,1397,1462,1043,1280,1453,1458
>336
1143,1420,1441,1352,1563,1528,1172,1154,1333,1639
>337
1324,1077,1111,1359,1241,1248,1661
>338
1145,1126,1633,1071,1313,1356,1439,1000
>339
1502,1475
>341
1221,1200,1424,1616,1476,1011,1621,1104,1245,1666
>342
1167,1434,1628
>343
1082,1370,1677,1352,1355,1062,1333,1496,1642,1648,1243,1381
>344
1146,1339
>345
1128,1305,1220,1205,1328,1345,1487,1370,1257,1520,1468,1398,1509,1693,1310,1337,1330,1355,1643,1044,1603
>346
1464,1030,1017,1564,1034,1271,1218,1561,1641,1040,1627,1557,1022,1240,1571,1538
>347
1661,1055,1461,1336,1188,1558,1065,1405,1662,1258
>348
1302,1343,1229,1549,1659,1096,1217,1492,1498,1538
>349
1326,1447,1113,1466,1600,1415,1661
>350
1265,1421,1637,1112,1291,1235,1093,1135,1089,1582,1245,1244
>351
1268,1630,1051,1671,1648,1519
>352
1424,1567,1176,1690,1319,1537
>353
1309,1618,1375,1290,1286,1288,1617
>354
1162,1121,1564,1631,1197,1444,1278,1031,1641,1023,1416
>355
1226,1591,1512
>356
1082,1522,1342,1215,1137,1366,1669,1006,1413
>357
1426,1251,1136,1571,1554
>358
1341,1022,1642
>359
1050,1111,1651,1236
>360
1322,1225,1201,1192,1255,1396,1564,1295,1357,1499,1641,1389,1452,1451,1689,1539,1660
>361
1221,1169,1053,1429,1524,1697,1564,1313,1623,1557,1602,1537,1006
>362
1321,1229,1228,1089
>363
1264,1622,1051,1193,1251,1477,1316,1356,1497,1283,1063,1606,1681,1365,1389,1248,1539
>364
1082,1344,1203,1429,1548,1183,1438,1008,1006,1413
>365
1269,1441,1606,1578,1518
>366
1165,1320,1328,1427,1254,1520,1442,1504,1440,1678,1528,1011,1174,1523,1276,1666,1663
>367
1164,1167,1160,1081,1207,1485,1540,1501,1505,1652,1375,1655,1521,1176,1260,1684,1179,1491,1678,1605,1418,1536,1243,1382,1356,1571,1380,1368,1574
>368
1427,1569,1034,1174,1276,1402,1022,1687,1109
>369
1040,1578
>370
1078,1390,1358,1105
>371
1146,1344,1309,1198,1038,1010,1392,1183,1241
>372
1227,1305,1303,1168,1199,1053,1408,1561,1508,1657,1551,1043,1283,1458,1454,1003
>373
1128,1305,1220,1205,1328,1345,1487,1370,1257,1520,1468,1398,1509,1693,1310,1337,1330,1355,1643,1044,1603
>374
1378
>375
1167,1483,1489,1177,1287,1002
>376
1167,1122,1198,1588,1055,1538,1290,1207,1258,1338,1337,1553,1179,1599,1027,1435,1367,1243,1682,1516
>377
1229,1073,1549,1461,1294,1339,1189,1067,1530,1369
>378
1086,1653,1597
>379
1541,1178
>380
1083,1070,1123,1136
>381
1084,1054,1116,1016,1339,1595,1437,1476
>382
1479
>383
1300,1329,1425,1162,1314,1528,1515,1248
>384
1096,1278,1175,1046
>385
1229,1549,1684
>386
1303,1265,1637,1325,1250,1251,1497,1621,1062,1454,1368
>387
1084,1409,1039,1555,1189,1511
>388
1326,1457,1294,1471,1452
>389
1524,1448,1338
>390
1469,1565,1040,1107,1362
>391
1316,1315,1251,1334,1534,1588,1021,1365,1040,1474
>392
1342,1487,1398,1599,1557
>393
1261,1378,1625
>394
1220,1693,1090,1093,1643,1603
>395
1142,1194,1692,1465,1677,1434,1065
>396
1631,1446,1297,1316,1334,1354,1383,1416,1369
>397
1163,1088,1056,1379,1395,1033,1644,1535,1514,1381
>398
1085,1423,1317,1335,1238,1239,1434,1472
>399
1322,1201,1264,1321,1056,1614,1374,1396,1528,1219,1602,1681,1384,1660
>400
1080,1535,1071,1468,1593,1644,1477
>401
1323,1527,1672,1176,1139,1333,1282,1601,1387,1382
>402
1352,1333,1624,1667
>403
1489,1542,1070,1655,1177,1134
>404
1141,1340,1335,1238,1047,1559,1104
>405
1546,1068,1056,1543,1088
>406
1006,1554,1537
>407
1145,1633,1339
>408
1120,1274,1400,1068,1394,1604,1360
>409
1326,1207,1563,1154
>410
1542,1134,1572
>411
1546,1347,1441,1606,1439
>412
1110
>413
1168,1508,1646,1570,1003
>414
1531,1232,1608,1070,1110
>415
1224,1632,1580,1279,1217,1644,1535
>416
1212,1683,1063,1346,1456,1686,1460,1590
>417
1203,1507,1215,1669,1510,1417
>418
1086,1203,1092,1275,1591,1229,1622,1281
>419
1483,1617,1070,1170,1505,1642,1184
>420
1209,1548,1296,1008,1538
>421
1224,1051,1618,1583,1376,1464,1030,1017,1406,1316,1358,1379,1401,1466,1063,1602,1365,1474,1517
>423
1638
>424
1050,1372,1679,1651,1131
>425
1190
>426
1075,1267,1249
>427
1083,1059,1615,1111,1112,1119,1391,1359,1230,1356,1064,1473,1412
>428
1279,1558,1336,1662,1405
>429
1151,1594,1650,1195
>430
1316,1184,1668,1067,1480,1677
>431
1304,1265,1205,1255,1691,1552
>432
1083,1120,1608,1696,1542,1055,1639,1303,1253,1377,1251,1466,1258,1035,1138,1437,1270,1238,1134,1689,1493,1441,1285,1068,1449,1065,1648,1295
>433
1376,1631,1416
>434
1082,1522,1342,1215,1137,1366,1669,1006,1413
>435
1205,1344,1682,1524,1502,1697,1408,1561,1297,1095,1130,1354,1277,1047,1625,1559,1183,1100,1368,1383
>436
1422,1502,1682,1442,1576,1095,1358,1310,1330,1040,1578,1474,1384
>437
1050,1651,1528,1393
>438
1646,1602,1112,1474,1571
>439
1088,1056,1698,1233
>440
1143,1532,1428,1447,1105,1032,1313,1318,1644,1554,1182,1606,1455,1242
>441
1197,1501,1673,1363,1382
>442
1303,1262,1618,1523,1094,1178,1040,1454,1243
>443
1082,1302,1229,1549,1217,1352,1333,1492,1065,1413
>444
1229,1051,1059,1671,1317,1492,1596,1064,1519
>445
1184
>446
1353,1024,1622,1100,1384,1005
>447
1033,1078,1428,1447,1032,1273,1275,1591,1281,1629
>448
1513
>449
1344,1060,1183,1534,1002
>450
1323,1527,1672,1176,1139,1333,1282,1601,1387,1382
>451
1615,1578,1242
>452
1487,1697,1678,1398,1469,1622,1362
>453
1261,1447,1400,1153,1625
>454
1378
>455
1299
>456
1010,1468,1044,1383
>457
1072,1117,1395,1654,1448,1233,1331,1069,1566
>458
1670,1642
>459
1503,1520,1504,1592
>460
1163,1199,1428,1032,1657,1216,1233,1273,1644,1629,1671,1535,1519
>461
1159,1149,1110
>462
1468,1563,1294,1154,1284,1554,1044,1385
>463
1077,1378,1010,1139,1033,1570
>464
1220,1344,1695,1693,1643,1603,1183
>465
1226,1320,1224,1261,1423,1254,1677,1529,1655,1231,1356,1379,1625,1431,1418,1512
>466
1310,1201,1330,1597,1396
>467
1223,1220,1693,1643,1603
>468
1200,1202,1111
>469
1083,1649,1342,1481,1307,1055,1258,1213,1338,1495,1497
>470
1128,1327,1343,1588,1074,1314,1498,1287,1026,1001
>471
1328
>472
1323,1562,1672,1173,1136,1553,1283
>473
1631,1695,1399,1550
>474
1278,1162,1676,1434
>475
1589,1636,1070,1392,1497
>476
1435,1122,1098,1332,1516,1614
>477
1125,1480,1686,1589,1191,1190,1501,1014,1176,1237,1091,1668,1382,1533,1609,1664,1513
>478
1544,1300,1077,1342,1168,1568,1507,1653,1515,1209,1570,1003
>479
1589,1392
>480
1223,1480,1250,1032,1668,1273,1608,1434,1629,1573
>481
1465,1287,1473,1573
>482
1329,1193,1015,1656,1012,1390,1312,1215,1041,1680,1684,1669,1101,1385,1414
>483
1209,1080,1265,1568,1544,1637,1070,1678,1294,1295,1356,1688,1022,1404
>484
1161,1027,1554,1682
>485
1639,1110,1441,1136,1150,1606
>486
1223
>487
1325,1210,1525,1192,1250,1621,1024,1627,1034
>488
1303,1262,1200,1202,1618,1639,1523,1463,1178,1623,1040,1454,1448
>489
1541,1124,1067,1244
>490
1287,1174,1062,1374,1414
>491
1070,1524,1697,1497,1028
>492
1227,1305,1320,1149,1264,1199,1547,1548,1254,1466,1296,1657,1159,1681,1418,1008
>493
1216,1051,1425,1073,1472,1466,1671,1316,1314,1239,1365,1519
>494
1050,1144,1319,1651
>495
1083,1544,1542,1581,1568,1408,1507,1561,1010,1336,1130,1047,1559,1602
>496
1079,1284,1438
>497
1260,1532,1233
>498
1143,1127,1549,1335,1311,1596,1181,1007
>499
1089,1588,1545,1058,1251,1465,1290,1150,1497,1554,1045,1385
>500
1085,1221,1123,1267,1306,1423,1058,1656,1312,1184
>501
1347,1679,1117,1395,1131,1439
>502
1617,1469,1442,1565,1210,1622,1288,1107,1362
>503
1328,1113,1520,1378,1148,1599,1433,1063,1013,1661
>505
1334,1460,1314,1648,1683,1102
>506
1201,1588,1296,1090,1093,1218,1597,1396,1036,1367,1476,1008
>507
1305,1155,1520,1504,1403,1295,1337,1452,1689
>508
1287,1489,1424,1070,1011,1177,1666,1404
>509
1082,1488,1585,1676,1339,1272,1357,1006,1065,1067,1411,1413
>510
1166,1223,1052,1371,1236,1005,1577,1459
>511
1340,1309,1126,1199,1053,1057,1587,1652,1213,1315,1158,1534,1065,1183,1104,1471,1410,1571
>512
1096,1191,1175,1664
>513
1340,1199,1634,1586,1194,1476,1386,1245,1417
>514
1167,1209,1676,1234,1313
>515
1167,1652,1474
>516
1159,1149,1110
>517
1323,1070,1475,1282,1242
>518
1165,1233,1048
>519
1162,1203,1569,1402,1401,1406,1236,1178,1642,1064,1687,1412,1459,1109
>520
1321,1262,1578,1446,1299,1331,1178,1563,1471
>521
1565
>522
1309,1441,1290,1642,1606
>523
1229,1073,1549,1461,1294,1339,1189,1067,1530,1369
>524
1316,1013,1031,1148,1433,1063
>525
1235,1055,1430,1233,1582,1135,1407,1258
>526
1305,1610,1694,1548,1376,1675,1154,1157,1397,1014,1337,1137,1432,1243,1009,1008,1222,1632,1180,1167,1206,1562,1563,1296,1479
>528
1264,1525,1277,1681
>529
1408,1528,1297,1354
>530
1234,1140,1203,1018,1442,1211,1555,1212
>531
1205,1424,1444,1255,1674,1011,1331,1490,1389,1023,1471,1103,1666,1664
>532
1225,1004
>533
1304,1169,1485,1238,1640,1439,1574
>534
1303,1124,1454,1545,1058,1446,1694,1506,1290,1132,1130,1497,1499,1286,1478
>535
1082,1342,1413,1122,1334,1332,1435,1516
>536
1227,1141,1170,1202
>537
1480,1264,1668
>538
1646,1583,1517,1489
>539
1609,1070,1237
>540
1307,1344,1264,1481,1428,1447,1032,1528,1273,1599,1024,1629,1183,1681
>541
1320,1485,1488,1585,1254,1255,1466,1418,1475,1411,1655,1574
>542
1128,1140,1268,1487,1503,1074,1398,1464,1030,1698,1237,1592,1609,1026,1419,1364,1479
>543
1309,1288,1617,1654,1213,1315,1534,1069,1183
>544
1614,1203,1542,1250,1528,1529,1684,1231,1219,1134,1437,1621,1440,1663
>545
1632,1173,1217,1353,1494,1153,1383
>546
1075,1405,1336,1130,1558,1478,1662
>547
1140,1145,1487,1633,1076,1398,1491,1380
>549
1658,1546,1419,1100,1246,1387
>550
1421,1590,1047,1559,1243,1244
>551
1142,1085,1205,1423,1034
>552
1321,1071,1698,1339,1618,1606
>553
1546,1077
>554
1088,1545,1056,1367,1576,1000
>555
1422,1290,1407,1644,1535,1349,1673
>556
1026,1074
>557
1053,1158,1340,1156,1613,1104,1590
>558
1201,1588,1296,1090,1093,1218,1597,1396,1036,1367,1476,1008
>559
1213,1351,1381
>560
1304,1265,1088,1056,1253,1691,1392,1684,1551,1552,1432,1384,1368
>561
1225,1618,1006,1413,1698
>562
1303,1601,1439,1454
>563
1589,1613,1031,1654,1273,1098,1099,1069,1629,1062,1289,1665
>564
1631,1406,1391,1099,1640,1416
>565
1321,1588,1192,1296,1090,1093,1367,1476,1008
>566
1301,1340,1059,1401,1406,1211,1064,1242,1417
>567
1142,1491,1326,1329,1132,1644,1434,1646,1535,1421,1219,1355,1599,1160,1163,1614,1044,1680
>568
1588,1376,1245
>569
1399,1251,1401,1406,1259,1474,1136,1550,1631,1418,1477,1100,1655,1416
>570
1306,1632,1058,1075,1197,1378,1551,1217,1249
>571
1568,1544
>572
1229,1549,1232,1531
>573
1269,1504,1091,1410
>574
1208,1111,1654,1492,1069,1181,1367
>575
1306,1058,1693,1015,1656,1312,1643,1603,1385
>576
1547,1224,1131,1379,1679
>577
1051,1425,1505,1379,1118,1466,1671,1316,1216,1365,1519,1510,1369
>578
1252,1020,1648
>579
1080,1612,1441,1463,1606,1248
>580
1321,1262,1486,1420,1079,1428,1093,1447,1446,1032,1296,1090,1560,1554,1184,1606,1242,1451,1008,1349
>581
1239,1472
>582
1559,1047
>583
1142,1072,1504,1067,1245
>584
1094,1036
>585
1639,1374,1441
>586
1140,1615,1253,1185,1289,1470,1360,1575
>587
1089,1569,1524,1205,1592,1600,1431,1109
>588
1208,1214,1611,1115,1510
>589
1692,1390
>590
1120,1635,1039,1035,1132,1285,1364,1570
>591
1402,1687,1045
>592
1252,1020
>593
1344,1095,1130,1153,1559,1183,1682,1383
>594
1169,1053,1465,1158,1573
>595
1614,1113,1505,1035,1219,1240
>596
1321,1446,1132,1573
>597
1426,1612,1370,1351,1355,1402,1184,1392,1687
>598
1529,1231
>599
1395
>600
1264,1112,1090,1093,1681
>601
1144,1469,1362,1477
>602
1589
>603
1166,1226,1125,1631,1371,1399,1591,1550,1412,1577,1512
>604
1611,1659,1115,1118,1510
>605
1200,1202,1074,1072,1394,1566,1230,1604,1002
>606
1307
>607
1375,1094
>608
1326,1080,1263,1488,1585,1105,1034,1295,1239,1318,1644,1606,1472,1242,1532,1411
>609
1149,1547,1290,1463,1159,1623
>611
1613,1031,1655,1436,1098,1493,1665,1418,1571
>612
1343,1394,1400,1316,1173,1239,1498,1283,1604,1472,1365
>613
1142,1322,1445,1379,1045,1389,1539
>614
1260,1485,1574
>615
1148,1692,1657,1187,1035
>616
1694,1506,1155
>617
1145,1633,1639,1441,1000
>618
1126,1127,1546,1696,1659,1565,1138,1601,1107,1387,1513
>619
1436,1625,1261
>620
1142,1269,1208,1636,1408,1293,1508,1091,1132,1491,1561,1024,1380,1470,1450,1005,1575
>621
1267,1552,1060,1128,1245,1596,1455,1205,1613,1274,1501,1578,1360,1573,1479
>622
1546,1553,1233
>623
1322,1144,1237,1609,1185,1182,1381
>624
1257,1186,1247
>625
1320,1655,1418
>626
1260,1200,1202,1072,1694,1506,1292,1566,1448,1176,1171,1233,1245,1382
>627
1122,1264,1614,1332,1608,1435,1681,1516
>628
1326,1261,1358,1311,1625,1105,1684,1007
>629
1128,1269,1321,1659,1612,1370,1464,1395,1017,1564,1212,1216,1091,1132,1355,1623,1557
>630
1131,1679
>631
1472,1470,1318,1105,1575
>632
1208,1639
>633
1314,1486,1551,1647,1457
>634
1033
>635
1522,1395,1117,1562,1556,1534
>636
1077,1653,1570
>637
1302,1374,1292,1171,1106,1414
>638
1643,1120,1530,1693
>639
1206,1250,1621,1100,1009
>640
1267,1070,1316,1280,1364,1365
>641
1644,1487,1398
>642
1164,1127,1656,1173,1233,1494,1551
>643
1552,1691,1037
>644
1322,1251
>645
1222,1475,1397,1462
>646
1304,1129,1201,1222,1396,1277,1642
>647
1128,1237,1091,1609,1384
>648
1224,1302,1297,1350,1357,1354,1363
>649
1162,1066,1108
>650
1323,1199,1051,1671,1672,1519
>651
1678,1017,1671,1216,1014,1686,1005
>652
1345,1580,1373,1656,1279,1312,1530
>653
1128,1269,1321,1659,1612,1370,1464,1395,1017,1564,1212,1216,1091,1132,1355,1623,1557
>654
1212,1346,1486,1377,1068,1182,1456
>655
1177,1531,1232,1377,1687,1489
>656
1238
>657
1321,1201,1658,1396,1230,1233,1154,1563,1419
>658
1321,1446,1132,1573
>659
1220,1603,1123
>660
1268,1542,1461,1158,1440,1493,1554,1065,1294,1663,1321,1083,1251,1258,1138,1334,1134,1648,1696,1437,1185,1452,1169,1053,1055,1441,1286,1606,1689,1369
>661
1086,1236,1461,1459,1369
>662
1084,1649,1260,1168,1409,1356,1178,1495,1601,1003
>663
1163,1121,1207,1119,1319,1596
>664
1224,1403,1034,1379,1024
>665
1140,1222,1634,1586,1338,1232,1155,1659,1360,1247,1381
>666
1164,1162,1081,1583,1694,1443,1506,1529,1693,1315,1231,1616,1025,1281,1643,1603,1536,1534,1517
>667
1121,1055,1197,1521,1258,1219,1332,1554,1605,1363,1614
>668
1163,1179,1535,1375,1466
>669
1200,1424,1011,1551,1621,1666
>670
1142,1347,1190,1439
>671
1323,1649,1692,1672,1495,1282,1063,1514
>672
1161,1345,1222,1476,1173,1284,1153,1494,1004
>673
1059,1568,1448,1046,1064,1364
>674
1143,1345,1088,1589,1056,1196,1678,1442,1181,1476,1571,1004
>675
1081,1203,1211,1018,1442,1014,1234,1236,1459
>676
1614,1122,1168,1562,1332,1435,1516,1184,1003
>677
1225,1307,1581,1502,1297,1259,1354
>678
1626,1071,1365
>679
1540,1505,1436,1471
>680
1553,1496,1686
>681
1265,1637,1046
>682
1116,1595
>683
1208,1122,1260,1394,1636,1612,1502,1370,1682,1442,1400,1655,1463,1390,1095,1358,1310,1355,1597,1040,1185,1604,1418,1578,1474,1516,1576
>684
1582,1248,1517
>685
1221,1608,1610,1403,1460,1211,1157,1537,1683
>686
1033,1027,1021,1414,1577
>687
1130
>688
1611,1383
>689
1161,1644
>690
1264,1372,1050,1408,1561,1651,1528,1310,1330,1014,1681,1384,1576
>691
1206,1366,1695,1675,1562,1066,1009,1108
>692
1221,1072,1566,1313,1331
>693
1201,1168,1688,1396,1508,1003
>695
1482,1299,1294,1238,1178,1689,1685,1452,1506
>696
1323,1422,1672,1338,1308,1136,1282
>697
1302,1406,1401,1005,1606,1449
>699
1695,1063
>700
1094
>701
1320,1268,1195,1254,1030,1655,1650,1043,1437,1418,1367,1458
>702
1068,1455,1692
>703
1052,1074,1036,1335,1026,1556
>704
1547,1159,1060,1149
>705
1384
>706
1632,1196,1217,1360,1682
>707
1142,1129,1321,1072,1328,1127,1304,1653,1190,1195,1018,1290,1563,1566,1234,1138,1155,1154,1151,1319,1594,1347,1650,1644,1439,1249,1415
>708
1034
>709
1058,1131,1024,1679,1616,1104
>710
1483,1425,1079,1252,1564,1359,1314,1277,1557,1438
>711
1212,1618,1346,1456,1384,1460
>712
1161,1237,1420,1565,1609,1042,1107
>713
1168,1075,1119,1508,1353,1272,1676,1246,1003
>714
1083,1120,1608,1696,1542,1055,1639,1303,1253,1377,1251,1466,1258,1035,1138,1437,1270,1238,1134,1689,1493,1441,1285,1068,1449,1065,1648,1295
>715
1227,1341,1210,1684,1368
>716
1152,1307,1528,1660
>717
1581,1089
>718
1306,1592,1488,1469,1400,1031,1394,1563,1362,1411,1109
>719
1540
>720
1122,1604,1636,1376,1400,1564,1390,1394,1557,1060,1185,1516
>721
1435,1270,1549,1122,1516,1127,1598,1001
>722
1127,1612,1696,1340,1138,1463,1417
>723
1140,1581,1311,1007
>724
1303,1523,1405,1094,1336,1558,1454,1476,1188,1662
>725
1261,1615,1253,1011,1277,1625,1666
>726
1148,1260,1222,1291,1173,1098,1153,1494,1187,1476
>727
1143,1217,1072,1394,1011,1566,1436,1632,1666,1604,1476,1363,1248
>728
1205,1487,1502,1091,1398,1043,1280,1642,1007,1458
>729
1305,1407,1567,1337,1178
>730
1195,1072,1110,1374,1290,1563,1566,1331,1151,1594,1650,1626,1027,1021,1414
>731
1489,1635,1613,1111,1177,1377,1132,1156,1590
>732
1487,1560,1133,1398,1505,1644
>733
1142,1491,1326,1329,1132,1644,1434,1646,1535,1421,1219,1355,1599,1160,1163,1614,1044,1680
>734
1487,1079,1500,1398,1291,1035,1491,1113,1067,1380,1661
>735
1329,1523,1449,1021,1061,1106,1680
>736
1326,1447,1113,1556,1415,1661
>737
1227,1170
>738
1163,1199,1428,1032,1657,1216,1233,1273,1644,1629,1671,1535,1519
>739
1164,1167,1081,1308,1353,1501,1375,1012,1176,1270,1179,1491,1280,1536,1380,1382
>740
1305,1264,1489,1583,1274,1337,1681,1360,1517
>741
1200,1202,1502,1408,1677,1567,1280,1243,1000
>742
1142,1160,1162,1163,1205,1121,1329,1053,1614,1197,1298,1564,1278,1158,1219,1239,1491,1644,1434,1641,1680,1535
>743
1201,1125,1396,1508,1294,1168,1267,1499,1641,1554,1607,1406,1389,1385,1003
>744
1224,1200,1202,1056,1257,1468,1463,1314,1173,1270,1494,1088,1623,1283,1044,1186,1247
>745
1428,1447,1032,1023,1629,1665
>746
1054,1116,1016,1595
>747
1205,1686
>748
1442,1395,1392,1099,1117
>749
1201,1396
>750
1099,1031
>751
1264,1635,1090,1093,1284,1296,1681
>752
1559
>753
1206,1169,1695,1377,1313,1493
>754
1201,1485,1422,1074,1251,1396,1407,1137,1597,1026,1430,1063,1533,1574
>755
1227,1614,1547,1149,1055,1193,1258,1094,1159,1669,1215,1219,1332,1554,1363
>756
1145,1633,1076,1583,1070,1316,1313,1025,1027,1021,1511
>758
1082,1144,1545,1191,1548,1299,1014,1296,1176,1352,1333,1501,1664,1556,1528,1100,1008,1413,1382
>759
1208,1094,1027
>760
1084,1674,1339,1274,1490,1066,1578,1103,1360,1108
>761
1588,1040,1556,1265,1552,1691,1514,1299
>762
1529,1231,1403,1665
>764
1087,1204,1645,1049,1361
>765
1420,1565,1107
>766
1422,1469,1404,1133,1474,1571
>767
1422,1372,1464,1030,1017,1338,1136,1555,1242,1511
>768
1434,1239,1472,1298
>769
1086,1165,1229,1480,1617,1193,1526,1524,1501,1315,1015,1623,1607,1534,1668,1572
>770
1581
>771
1326,1658,1596,1289,1181,1419
>772
1427,1174,1276,1062
>773
1584,1299,1213
>774
1145,1089,1545,1540,1251,1465,1290,1270,1150,1633,1497,1554,1010,1000
>775
1149,1628,1547,1543,1079,1502,1500,1363,1159,1351,1284,1576
>776
1301,1264,1050,1372,1651,1097,1093,1330,1681,1531,1479,1112
>777
1232,1531
>778
1329,1169,1485,1054,1299,1377,1116,1016,1273,1607,1066,1680,1108,1574
>780
1141,1451
>781
1628
>782
1424,1615,1252,1010,1359,1090,1093,1020
>783
1408,1561,1036,1310,1156,1330,1381,1576,1590
>784
1123,1658,1440,1677,1117,1551,1647,1457,1476,1416
>785
1146,1339,1617,1496,1288
>786
1262,1446,1678
>787
1072,1566,1318,1105,1532
>788
1161,1328,1310,1502,1504,1520,1441,1449,1040,1606,1578,1475,1672
>789
1426,1442,1095,1682,1476
>790
1193,1215,1090,1093,1669
>791
1147,1126,1077,1534,1378,1467,1393,1315,1156,1678,1492,1590,1627,1471
>792
1164,1081,1444,1023,1536,1573
>793
1468,1563,1294,1154,1284,1554,1044,1385
>794
1266,1677,1071,1037,1620,1240
>795
1323,1649,1692,1672,1495,1282,1063,1514
>796
1678,1338
>798
1487,1079,1500,1398,1291,1035,1491,1113,1067,1380,1661
>799
1204,1632,1610,1257,1019,1279,1217,1492,1645,1186,1049,1683,1247,1453
>800
1112
>801
1077,1033
>802
1483,1394,1400,1604,1475
>803
1300,1342,1515
>804
1345,1567,1136,1572,1004
>805
1322,1349,1422,1426,1192,1612,1370,1255,1402,1355,1432,1180,1687
>806
1323,1443,1672,1282,1100,1415
>807
1055,1258
>808
1613,1464,1030,1017,1393
>809
1620,1022,1266,1240,1688
>810
1085,1160,1207,1308,1423,1540,1501,1521,1505,1280,1605,1418,1243,1382,1655
>811
1227,1148,1260,1125,1482,1682,1539,1501,1440,1379,1322,1117,1403,1187,1685,1389,1360,1479
>812
1537,1006
>813
1053,1158,1479
>814
1589,1610,1063,1683
>815
1348,1224,1407,1430,1698
>816
1144,1541
>817
1672,1173,1494,1510
>818
1365
>819
1524,1635,1073,1377,1675,1562,1448,1278,1009,1310,1330,1579,1474,1417
>820
1594,1075,1085,1249,1423
>821
1265,1637,1110,1566,1492,1022
>822
1144,1486,1298,1658,1407,1389,1156,1219,1319,1598,1430,1533,1590,1419,1614,1539,1538
>824
1659,1656,1312,1102,1386
>825
1165,1144,1485,1221,1191,1096,1313,1169,1175,1664
>826
1225,1160,1617,1195,1150,1288
>827
1353,1585,1119,1411,1488
>828
1087,1325,1204,1175,1264,1681,1257,1096,1247,1465,1645,1046,1186,1049,1474,1361
>829
1199,1158,1319,1354,1243
>830
1483,1079,1500,1118,1656,1312,1356,1152,1627,1028
>831
1220,1204,1198,1615,1670,1156,1590,1645,1643,1049,1470,1603,1575
>832
1123,1059,1390,1064,1412
>833
1191,1377,1270,1024,1554,1005,1664
>834
1581
>835
1320,1078,1193,1170,1194,1254,1250,1560,1529,1231,1215,1475,1098,1621,1642,1601,1669,1246,1387
>836
1201,1192,1396,1034,1230,1250,1033,1024,1621
>837
1324,1544,1507,1621,1241
>838
1222,1343,1615,1583,1613,1253,1397,1462,1498,1025,1027,1021
>839
1160,1199,1657,1672,1491
>840
1256,1569,1698,1644,1535,1109
>841
1209,1080,1265,1568,1544,1637,1070,1678,1294,1295,1356,1688,1022,1404
>842
1110,1518
>843
1166,1263,1054,1585,1371,1507,1116,1016,1295,1452,1595,1243,1294,1474,1689,1517,1577,1417
>844
1087,1303,1343,1454,1560,1645,1498,1556,1060,1049,1361
>845
1526,1378,1212,1132,1497,1015,1385
>846
1639,1407,1430
>847
1319,1181
>848
1055,1537,1258
>849
1077,1471,1403,1378,1290,1393,1173,1156,1331,1490,1674,1494,1590,1395,1103,1416,1660
>850
1614,1144,1542,1617,1193,1525,1294,1315,1219,1238,1134,1437,1435,1627,1061,1288,1607
>851
1017,1553,1216
>852
1173,1283,1271,1628,1274,1480,1494,1668
>853
1325,1482,1210,1525,1527,1238,1698,1139,1627,1286,1685
>854
1192,1256,1251,1036
>855
1164,1081,1262,1343,1314,1422,1425,1446,1191,1193,1070,1468,1338,1497,1665,1044,1182,1536,1664
>856
1076,1611,1691,1466,1037,1552,1555,1682,1511
>857
1142,1359,1256,1192,1611,1018,1252,1234,1315,1020
>858
1483,1079,1500,1118,1656,1312,1356,1152,1627,1028
>859
1683,1346,1078,1541,1254,1398,1460,1042,1047,1540,1367,1456,1242,1513,1368
>860
1317,1256
>861
1092,1351,1436,1684
>862
1087,1327,1228,1690,1177,1271,1598,1645,1049,1392,1366,1361,1001
>863
1020,1503,1298,1014
>864
1486,1094,1461,1369
>865
1345,1424,1637,1011,1597,1666,1579,1004,1538
>866
1486,1115,1031,1214,1453
>867
1581,1169,1488,1053,1192,1447,1527,1400,1404,1317,1139,1158,1133,1621,1624,1411
>868
1327,1462,1350,1397,1285,1470,1365,1575,1001
>869
1341,1343,1130,1498,1499,1002
>870
1146,1044,1062
>871
1373,1521,1509,1404,1605,1289,1518,1530
>872
1196,1688
>873
1306,1224,1088,1588,1293,1673,1608,1048,1686,1660
>874
1305,1443
>875
1695,1294,1339,1353,1189,1067,1476
>876
1033,1626,1688
>877
1616,1184,1340,1104,1665,1660
>878
1427,1174,1276
>879
1071,1094
>880
1611,1173,1153,1494,1022,1530
>881
1695,1295,1689,1381
>882
1339,1501,1443,1476,1463,1216,1356,1623,1600,1382
>884
1224,1379
>885
1331
>886
1039,1312,1285
>887
1300,1070,1593,1598,1280,1515,1571
>888
1142,1569,1445,1563,1131,1154,1045,1060,1415
>889
1265,1637,1077,1294,1295,1271,1452,1689,1570
>890
1084,1489,1409,1177,1099,1499,1042,1641
>891
1199,1158,1319,1354,1243
>892
1223,1079,1500,1298,1393,1012,1099,1275,1041,1281,1624,1667
>893
1309,1421,1584,1317,1156,1559,1244
>894
1162,1263,1096,1636,1585,1175,1046,1411
>895
1164,1168,1482,1081,1617,1112,1508,1685,1035,1337,1491,1437,1435,1282,1380,1288,1536,1003
>896
1204,1105,1318,1645
>897
1207,1078,1678,1442,1392,1338,1064,1412
>898
1547,1159,1060,1149
>899
1321,1221,1111,1395,1654,1313,1350,1069,1492,1363,1576
>900
1086,1347,1015,1439,1385
>901
1126,1073,1678,1356,1575,1189,1470
>902
1229,1428,1112,1032,1273,1629
>903
1269,1488,1111,1400,1024,1283,1556,1455,1034,1411
>904
1614,1219,1098
>905
1128,1487,1110,1359,1398,1048,1571
>906
1635,1364
>907
1089,1507,1544,1568,1442,1014,1284,1473
>908
1203,1059,1391,1640
>909
1094,1641,1020,1557,1503,1653,1564
>910
1195,1151,1136,1178,1650,1646,1414
>911
1146,1072,1038,1292,1566,1171,1233,1241
>912
1304,1143,1228,1057,1587,1674,1653,1451,1271,1523,1490,1436,1455,1103
>913
1638,1473,1035
>914
1222,1397,1462,1274,1607,1360,1414
>915
1638
>916
1628
>917
1024,1625,1688,1376,1666,1011
>918
1267,1055,1637,1059,1271,1200,1152,1065,1064,1579,1412
>919
1200,1202,1673,1433,1013
>920
1146,1489,1377,1177,1410
>921
1196,1316,1157,1319,1365
>923
1164,1208,1310,1330,1553,1536
>924
1086,1160,1203,1420,1653,1461,1336,1662
>925
1227,1140,1144,1257,1186,1247
>926
1322,1402,1496,1048,1687
>927
1111
>928
1262,1149,1198,1569,1159,1547,1368,1684,1185,1579,1389,1514,1539
>929
1228,1618,1197,1694,1506,1315,1437,1132,1068,1608,1182
>930
1324,1483,1486,1580,1038,1279,1310,1330,1599,1608,1286,1241,1470,1698,1575
>931
1321,1464,1030,1339,1437,1430
>932
1679,1131,1518,1383
>933
1164,1081,1536
>934
1437,1314,1425,1602,1579,1268
>935
1589,1619,1117,1440,1388,1622,1131,1185,1362
>936
1304,1079,1072,1316,1315,1154,1151,1319,1497,1065,1129,1650,1334,1439,1249,1538,1347,1594,1028,1514,1190,1195,1563,1566
>937
1039,1402,1642,1687
>938
1329,1523,1449,1021,1061,1106,1680
>939
1329,1589,1191,1624,1680,1533,1667
>940
1425,1610,1528,1460,1391,1314,1313,1430,1407,1648,1683,1475
>941
1012,1041,1470,1575,1688,1479
>942
1349,1083,1327,1079,1428,1584,1447,1500,1039,1376,1032,1136,1023,1629,1001,1369
>943
1146
>945
1469,1019,1035,1362,1451,1453
>946
1062
>947
1175,1096,1046,1060
>948
1053,1158,1169
>949
1084,1340,1612,1695,1649,1632,1566,1193,1072,1409,1463,1217,1215,1098,1495,1624,1669,1667,1248,1417
>950
1200,1202,1502,1408,1297,1567,1280,1448,1000
>951
1300,1377,1560,1404,1621,1474,1515
>952
1630,1359,1647,1626,1185,1457
>953
1222,1075,1504,1520,1391,1462,1130,1397,1640,1181,1478
>954
1201,1125,1267,1635,1057,1192,1587,1396,1508,1493,1499,1641,1168,1606,1389,1003,1539
>955
1039,1466,1596,1695,1537,1476,1100
>956
1210,1111
>957
1193,1215,1669
>958
1349,1600,1379,1235,1338,1135
>959
1088,1053,1056,1375,1527,1402,1139,1158,1155,1573,1687
>960
1140,1122,1589,1256,1560,1293,1212,1091,1269,1555,1450,1516
>961
1261,1625
>963
1120,1582,1693,1542,1639,1073,1253,1035,1134,1628
>964
1614,1122,1200,1202,1589,1543,1074,1408,1468,1118,1332,1435,1561,1516,1599,1026,1044,1187,1184,1479,1510
>965
1305,1155,1520,1504,1403,1295,1337,1452,1689
>966
1475
>967
1085,1206,1347,1423,1190,1075,1173,1312,1171,1356,1494,1675,1656,1438,1439,1009,1660
>968
1126,1694,1506,1528,1436,1245,1004
>969
1192,1440,1376,1663
>970
1287,1450
>971
1051,1425,1505,1379,1118,1466,1671,1316,1216,1365,1519,1510,1369
>972
1334
>973
1329,1055,1638,1192,1291,1258,1318,1592,1043,1286,1280,1680,1532,1109,1458
>974
1635,1606
>975
1086,1358,1422,1425,1072,1030,1528,1566,1314,1338
>976
1167,1208,1080,1205,1207,1321,1526,1099,1597,1015,1471,1385
>977
1307,1347,1481,1637,1232,1330,1265,1285,1439,1531,1190
>978
1292,1171,1156,1590
>979
1086,1269,1031,1091
>980
1421,1195,1442,1655,1094,1339,1151,1650,1289,1476,1244,1360
>981
1619,1353
>982
1036,1608
>983
1631,1120,1416
>984
1601,1274,1687,1402,1387
>985
1302,1148,1606,1679,1131,1449
>986
1144,1001,1541,1561,1213,1315,1408,1599,1598,1534,1414
>987
1263,1480,1585,1668,1573
>988
1614,1203,1542,1250,1528,1529,1684,1231,1219,1134,1437,1621,1440,1663
>989
1229,1549,1291,1608,1289
>990
1327
>991
1039,1692
>992
1298,1015,1461,1609,1315,1237,1551,1454,1476,1385,1369
>993
1201,1266,1265,1545,1637,1299,1375,1396,1567,1179,1556
>994
1084,1200,1153,1202
>995
1612,1463
>996
1193,1298,1496
>997
1002
>998
1120,1088,1524,1056,1442,1014,1036,1449,1310,1330,1061,1377,1474,1381
>999
1488,1520,1504,1352,1333,1411
