>0
1239,1506,1472
>1
1086,1338,1422,1072,1566,1576
>3
1146,1038,1692
>4
1165,1257,1357,1555,1060,1182,1537,1186,1247,1006
>5
1043,1242,1458
>7
1624,1667
>8
1545
>9
1227,1170
>10
1324,1038,1464,1030,1310,1330,1241
>11
1300,1588,1299,1515
>12
1482,1685
>13
1173,1494,1022
>14
1120,1035,1316
>16
1213
>17
1059,1064,1190,1412
>18
1653
>19
1513
>20
1504,1520,1181
>21
1200,1202,1545,1357,1497,1182
>22
1663
>23
1235,1135,1024,1188,1572
>24
1600,1525,1030,1627
>25
1302,1616,1373,1679,1334,1131,1104
>26
1200,1091
>27
1346,1683,1460,1456
>28
1220,1526,1410,1627,1643,1603
>29
1481,1307,1422,1560,1213,1338,1246
>30
1185,1578
>31
1252,1359
>32
1659,1289
>34
1514
>35
1605,1521
>36
1057,1587
>37
1607
>38
1677,1318,1289,1105,1532
>39
1476
>40
1233,1203,1172
>42
1060
>43
1161,1688
>44
1078
>45
1094
>46
1086,1015,1043,1280,1385,1458
>48
1439
>49
1207,1425,1514
>50
1693,1449,1608,1643,1603,1660
>51
1310,1525,1330,1627,1692,1567
>52
1182
>53
1324,1029
>54
1136
>55
1481,1307
>56
1261
>58
1150
>59
1305,1082,1638,1352,1337,1333,1473,1413
>60
1504,1153,1277
>61
1260,1434,1628
>62
1222,1201,1581,1397,1396,1031,1462
>64
1537,1006
>65
1545
>66
1124,1127,1696,1659,1690,1546,1138,1579
>67
1172,1659
>68
1269,1448
>69
1319,1029
>70
1567,1243
>71
1223
>73
1483,1335,1599,1608,1044
>74
1589,1541,1612,1370,1355,1185
>76
1228,1271
>77
1544,1568,1507
>78
1584,1299,1213
>79
1060,1322,1137,1607
>80
1200,1202,1280,1243,1000
>81
1442,1014,1036,1449,1310,1330,1061,1377,1474,1381
>82
1299,1466,1047,1559
>83
1307,1147,1467
>84
1421,1239,1472,1244
>85
1143,1089,1678
>86
1077
>87
1074,1673,1154,1026
>89
1293,1275,1281
>90
1088,1056,1336,1558,1662
>91
1161,1420
>92
1410
>93
1124,1478
>94
1487,1398,1598,1551
>95
1146,1489,1177
>96
1038
>97
1342,1373,1213,1530
>98
1087,1119,1230,1361
>99
1260,1370,1463,1418,1655,1122,1636,1597,1516,1208,1390,1612
>100
1293,1564,1591,1641,1450
>101
1227
>102
1025,1529,1231,1583,1517
>103
1120,1078,1035
>104
1653,1480,1697,1524,1388,1668
>105
1132,1137,1063
>106
1084,1266,1608
>107
1655,1418
>108
1657
>109
1265,1637,1102
>111
1445,1356
>112
1303,1630,1425,1399,1210,1550,1556,1185,1100
>115
1119,1230,1631,1238,1189,1416
>116
1080,1235,1135,1188
>117
1199,1408,1561,1657,1551
>118
1025,1583,1517
>119
1316
>121
1302,1580,1373,1279,1551
>122
1142,1545,1542,1112,1250,1134,1027,1621
>123
1041,1012
>124
1142
>125
1058
>126
1030
>127
1619,1388
>128
1450,1248
>129
1278,1085,1547,1149,1423,1317,1159,1579
>130
1501,1698,1176,1277,1382
>131
1077,1432,1426,1180,1570
>132
1206,1022,1537
>133
1449,1061,1368
>134
1677,1037
>135
1164,1081,1351,1536
>136
1146,1038,1241
>137
1045
>140
1136,1243
>141
1256,1250,1491,1621,1380,1245
>142
1349,1111,1359,1383
>143
1193,1573
>144
1251,1218
>145
1347,1439
>146
1598,1473
>147
1221,1313
>148
1029
>149
1143,1674,1490,1523,1653,1103,1228,1455,1451,1271
>151
1196
>152
1462,1396,1404,1397,1431,1226,1222,1512,1201,1275,1281
>153
1088
>154
1666,1663,1011,1440
>155
1493
>156
1679,1131
>158
1614,1374,1219
>159
1557,1564,1524,1623,1697
>160
1124,1130,1478
>161
1394,1604
>164
1390
>165
1599
>166
1300,1515,1470,1575
>167
1426,1299,1551,1180,1100
>168
1140,1377,1485,1484,1169,1114,1574
>169
1513
>170
1088,1589,1056,1696,1399,1449,1138,1550,1061
>171
1087,1170,1499,1227,1361
>172
1694,1506
>173
1196
>174
1040
>175
1050,1651
>176
1316,1402
>177
1326,1352,1333
>178
1169,1053,1581,1527,1317,1139,1158,1621
>179
1158,1034,1024,1102,1053
>180
1277
>181
1323,1293,1672,1673,1282
>183
1420,1255,1123,1332
>184
1165,1259,1152
>187
1444
>188
1623,1513
>189
1253,1356,1286
>190
1128,1226,1591
>191
1503
>192
1523
>193
1299
>195
1320,1200,1254,1271
>196
1144
>198
1125
>199
1088,1469,1233
>200
1169,1485,1574
>202
1004
>203
1210,1537,1006
>204
1070
>205
1071,1028
>206
1223,1622,1362
>207
1232,1432,1601,1180
>208
1347,1439
>209
1656,1442,1312,1014,1286
>210
1125,1397,1462,1331,1667
>211
1002
>212
1436
>213
1051,1671,1339,1288,1519,1410
>214
1525,1692,1567,1627
>215
1426,1560,1432,1180
>216
1130,1383
>217
1014,1130,1478
>219
1237,1635,1132,1609
>220
1268,1495,1437,1649,1036,1112
>222
1224,1584,1379,1213,1065
>223
1439
>224
1444
>226
1285
>227
1553,1280,1060
>228
1314,1477
>229
1086,1529,1034,1317,1231,1653,1289
>230
1125
>231
1220,1643,1603
>232
1419,1128,1364
>233
1079,1298,1500
>234
1203,1669,1257,1215,1186,1060,1182,1247
>235
1417,1638,1113,1436,1647,1661,1473,1457
>236
1339,1191,1664
>238
1312,1329,1395,1656,1117,1680
>239
1306,1083
>240
1580,1279
>241
1222,1397,1551
>242
1220,1693,1643,1603,1364
>243
1263,1569,1585,1109
>244
1261,1625
>245
1074,1026
>246
1321
>247
1351,1184,1392
>248
1596,1415
>249
1083,1263,1585
>250
1259,1353
>251
1349,1148,1013,1433
>253
1128,1425,1567,1359,1314
>255
1582,1235,1135
>257
1431,1226,1512
>259
1466
>260
1077
>261
1601,1387
>263
1165,1422,1698,1338,1600
>264
1079,1679,1500,1131
>265
1200,1202,1285
>266
1128,1228,1290,1359,1060,1537,1006
>267
1342
>268
1156,1590
>269
1332,1476
>270
1282
>271
1483,1505,1642,1184
>272
1404,1133
>273
1299,1376,1607
>275
1270
>276
1088,1469,1233
>277
1232,1381
>278
1094
>279
1279,1580,1596
>280
1143,1333,1352
>281
1076,1236,1497,1555,1680,1511
>283
1630,1162,1278,1185
>284
1284
>285
1616
>286
1466,1264,1622,1681
>287
1146,1542,1072,1091,1402,1134,1566,1038,1051,1619
>288
1426,1432,1180
>289
1582,1578,1255,1040,1433,1013
>290
1583,1025,1517
>291
1267,1474
>292
1322,1496
>293
1140,1299,1031,1154,1563,1607,1479
>294
1107,1092,1275,1591,1281,1565
>295
1469,1150,1362
>296
1084,1340,1193,1409,1215,1495,1649,1669,1417
>297
1081,1200
>298
1634,1586,1386
>299
1377,1310,1524,1330,1579,1474
>300
1301,1635,1673,1097,1132,1531
>303
1154,1445,1563,1045
>304
1631,1100
>305
1078
>306
1420,1694,1506,1176,1493,1004,1382
>307
1617,1288
>309
1403
>310
1113
>311
1016
>312
1615,1540
>314
1468,1010,1600
>315
1264,1681,1553,1367,1000
>316
1329,1680
>317
1615,1253
>318
1491,1380,1513
>319
1307,1019,1339,1553,1453
>320
1075,1490,1103,1674
>321
1212,1378
>322
1307,1019,1339,1553,1453
>323
1121,1018,1234
>324
1374,1414
>325
1401,1406,1136,1477,1474
>326
1058
>327
1391,1310,1330,1640
>328
1302,1373,1521,1509,1492,1605,1518,1530
>329
1589,1117,1440,1131,1622,1362
>331
1115,1214,1453
>332
1553
>334
1163,1210,1067,1663
>335
1224,1619,1548,1368,1684,1388,1008
>336
1204,1645,1049,1471,1381
>337
1329,1656,1312,1027,1021,1680
>338
1176,1382
>340
1329,1015,1656,1012,1390,1312,1385,1041,1680,1684,1101,1414
>341
1553,1337,1538,1167,1207,1198,1290,1179,1367
>342
1221,1636
>343
1220,1123,1477
>344
1092,1389,1539
>345
1057,1587
>346
1225,1617,1150,1288
>347
1095,1010,1682
>348
1419,1658,1430,1458,1043,1284,1280
>349
1204
>350
1047,1133,1559
>351
1598
>352
1098
>353
1353
>354
1058,1274,1360,1513
>355
1162,1489,1050,1651,1177,1381
>356
1014,1571
>360
1073
>361
1262,1343,1054,1446,1116,1016,1096,1595,1498
>363
1200,1202,1589,1408,1561
>364
1306,1082,1006,1413,1510
>367
1408,1561,1095,1344,1183,1682,1100
>368
1589,1191,1533
>369
1175,1096,1046,1060
>370
1284
>372
1299
>373
1593
>374
1537
>376
1670
>377
1517
>379
1119,1230
>380
1071
>381
1164,1081,1536,1502,1297,1354,1625
>382
1304,1129,1002,1358,1688
>383
1303,1653,1454
>384
1308,1501,1280,1382
>385
1199,1070
>386
1451
>387
1489,1635,1613,1111,1177,1377,1132
>388
1039,1642
>389
1086,1529,1034,1317,1231,1653,1289
>390
1098,1318,1430,1105,1532
>391
1327,1199,1657,1001
>392
1072,1563,1566,1331
>393
1328,1291,1551,1181
>394
1084,1409,1665
>396
1482,1617,1685,1035,1337,1437,1282,1288
>397
1124,1130,1041,1101,1478
>398
1370,1355,1189
>399
1660
>400
1068,1455
>401
1626
>402
1124,1265,1130,1637,1478
>403
1366
>404
1663
>405
1225
>406
1635
>408
1123,1451
>409
1068,1455
>410
1521,1464,1017,1216,1605
>411
1327,1031,1001
>412
1300,1515
>413
1306,1039,1663
>414
1056,1088
>415
1142,1373,1530
>416
1002,1599,1169
>417
1503,1020
>418
1225,1080,1051,1635,1248
>419
1638,1473
>420
1137
>422
1121,1197
>423
1391,1640
>424
1300,1425,1314,1528,1515
>425
1251,1218
>427
1123,1162,1278,1332
>428
1140,1545,1493,1069,1664,1322,1523,1654,1632,1191
>429
1342,1293
>430
1499,1641
>431
1343,1156,1590,1498
>433
1679,1250,1131
>434
1524,1697,1560,1031,1646
>435
1221,1123
>436
1624,1667
>437
1201,1230,1396
>438
1191,1664
>439
1308,1315,1495,1327,1649,1001,1369
>440
1195,1339,1067
>441
1311,1150,1007,1340,1104,1616
>442
1051,1659,1358,1415
>443
1040,1388
>445
1299
>447
1299
>448
1172,1105
>449
1630,1271,1185,1538
>451
1486,1357,1533,1538
>452
1089,1563,1154,1451
>453
1185,1578
>454
1326,1324,1145,1051,1633,1671,1519,1518
>455
1475
>456
1284
>457
1094,1495,1482,1409,1649,1685,1573
>458
1306,1405,1235,1135,1188,1364,1385
>459
1436
>460
1377,1101,1692
>462
1056,1614,1374,1528,1219,1602,1384,1660
>463
1304,1129,1203,1482,1685,1277
>465
1252,1020
>466
1255,1013,1433,1538
>468
1265,1637,1446
>469
1528,1576
>470
1480,1668
>471
1544,1568
>472
1410
>473
1572
>475
1635,1132
>476
1078,1373,1601,1387
>477
1643,1220,1603
>478
1256,1200,1202
>479
1548,1296,1237,1609,1243,1008
>480
1167,1207,1290
>481
1250,1314,1425,1621
>482
1220,1611,1527,1115,1139,1214,1643,1603
>483
1522,1366
>484
1133,1106,1571
>485
1375,1654,1275,1179,1591,1281,1069,1571
>486
1059,1359,1064,1412
>487
1100
>488
1444,1287
>489
1350,1363
>490
1128,1359,1048
>492
1434,1110
>493
1182
>494
1334,1446
>495
1142,1195,1151,1328,1520,1650,1504,1594,1167
>496
1175,1096,1046
>497
1022
>498
1085,1306,1423,1058,1656,1312,1184
>500
1391,1310,1330,1640
>501
1283
>503
1325,1670
>504
1313,1221,1165,1169
>505
1401,1406
>507
1155,1520,1504
>508
1127,1358
>509
1216,1051,1425,1466,1671,1316,1365,1519
>510
1256
>511
1377,1595
>512
1120,1132,1635,1035,1570
>513
1679,1415,1417
>514
1082,1194,1352,1333,1413
>515
1415
>516
1403,1529,1231
>518
1349,1546
>519
1548,1296,1237,1609,1243,1008
>520
1540,1505
>521
1507,1417
>523
1077,1373,1391,1246,1387,1640,1530,1570
>524
1155
>525
1175,1096
>526
1139,1527,1286
>527
1095,1310,1578,1502,1358,1442,1040,1682,1474,1576
>528
1205
>529
1407,1430
>530
1226,1583,1591,1025,1517
>531
1619,1040,1388
>532
1584
>533
1220,1526,1410,1627,1643,1603
>534
1060
>535
1259,1401,1406,1100
>536
1120
>537
1136,1259
>538
1323,1672
>540
1540
>541
1019,1453
>542
1357
>543
1286,1044,1686
>544
1060
>545
1156,1590,1471
>546
1374,1210,1414
>547
1407,1430
>548
1209,1637,1404,1265
>549
1686
>551
1166,1052,1371
>552
1222
>553
1085,1423
>554
1384
>555
1203
>556
1200,1202,1589
>557
1348
>558
1614,1374,1219
>560
1391,1099,1640
>561
1524,1291,1029
>562
1694,1506,1315
>564
1267,1635,1132,1242
>565
1027,1021
>566
1128,1314
>567
1075
>568
1310,1330,1554
>569
1634,1586,1565,1698,1338,1107,1247
>570
1691,1037,1153,1552
>571
1210,1571
>572
1209,1596
>573
1317
>575
1124,1130,1478,1502
>576
1328,1520
>577
1185,1578
>578
1652,1474
>579
1323,1631,1677,1672,1416
>580
1641,1564,1034,1218,1627,1557,1571
>581
1325,1480,1293,1319,1450,1668
>582
1320,1261,1254,1625
>583
1129,1167,1277
>584
1428,1032,1273,1319,1629,1048,1660
>585
1694,1444,1506,1376
>586
1143,1148,1013,1433
>587
1113
>589
1168,1508,1003
>590
1268,1487,1503,1398,1592
>591
1034
>592
1485,1074,1137,1026,1533,1574
>593
1487,1398
>594
1222,1397,1462,1652
>595
1075,1197
>596
1079,1500,1469,1274,1362
>597
1566,1072,1476,1394,1217,1632,1604,1248
>598
1353,1024,1100,1384,1005
>599
1209,1191,1063,1533,1664
>601
1466
>603
1146,1038
>604
1080,1201,1230,1524,1697,1682,1396,1295,1095,1576
>605
1148,1481,1187
>607
1327,1001
>609
1050,1651
>610
1632,1217,1154
>611
1464,1030,1017,1415
>612
1037,1468,1665
>613
1050,1372,1651
>614
1323,1649,1495,1282,1063,1672
>616
1443
>617
1473,1638
>618
1611,1115,1214
>619
1142,1233,1027,1474
>620
1261,1011,1625,1666
>621
1436
>623
1489,1599
>624
1239,1472
>625
1434,1555
>627
1309,1441,1290,1606
>628
1527,1139
>630
1379,1224,1476
>631
1660,1112
>632
1377,1350,1474,1028,1363
>633
1679,1131
>634
1384,1485,1243,1599,1169,1574
>635
1596,1455,1613,1578,1573
>636
1408,1224,1636,1561
>637
1137,1063
>638
1256,1142,1018,1234
>640
1152,1563,1640,1028
>641
1225,1162,1278
>642
1236,1459,1383
>643
1481
>644
1227,1616,1170,1104
>645
1023
>647
1205,1255,1674,1490,1103
>648
1344,1183,1537
>649
1540,1505,1461,1154,1369
>650
1234,1209,1191,1664,1533,1006,1413
>651
1340,1612,1463,1417
>652
1428,1032,1273,1319,1629,1048,1660
>653
1410,1593
>654
1639,1463,1623
>655
1697,1524,1390
>657
1542,1134
>658
1611,1115,1214
>659
1551
>660
1350,1470,1575
>661
1620,1266,1240,1250
>662
1028
>663
1167
>664
1234,1140,1203,1018,1555,1212
>665
1222,1462,1275,1397,1468,1281,1479
>666
1586,1257,1094,1186,1247,1368
>667
1307,1545,1497,1481,1132,1506,1058,1694,1290,1286
>668
1305,1337,1213
>669
1609,1237
>670
1048
>671
1436
>672
1546,1543
>673
1378,1037,1556,1470,1575,1573
>674
1572
>675
1068,1455
>676
1420,1692
>678
1677,1492,1471
>679
1096,1664,1381,1528,1581,1191,1175
>680
1544,1568,1507
>681
1299,1095
>682
1304,1072,1154,1319,1129,1334,1648,1500,1452,1563,1566,1689
>683
1227,1583,1017,1176,1216,1170,1501,1025,1382
>684
1522,1404,1293,1289,1366,1450
>686
1066,1108
>687
1475
>688
1144,1195,1650,1151,1594
>690
1015,1385
>691
1203,1569,1412
>692
1087,1377,1645,1049,1361
>693
1195,1650,1151
>695
1035
>696
1483,1602
>697
1086,1266,1620,1559,1240,1246
>698
1602
>699
1260
>700
1581
>701
1195,1650,1553
>702
1677,1313,1493,1436
>703
1237,1635,1132,1609,1060,1389,1539
>704
1542,1294,1256,1134,1452,1517,1441,1689,1606
>705
1048,1289,1571
>706
1124,1346,1456,1460,1684
>709
1385,1526,1015,1136,1367
>711
1086,1072,1566
>712
1112
>713
1653,1479
>714
1694,1376
>715
1432,1180
>716
1287
>717
1119,1391,1230,1356,1473
>718
1111,1115,1359,1214,1453
>720
1293,1673
>722
1567
>723
1355,1370
>724
1058
>725
1208,1222,1525,1397,1462
>726
1475
>727
1448
>728
1408,1561,1092,1356,1004,1576
>729
1052,1637,1335,1579
>730
1148,1353
>731
1242
>732
1322,1601,1607,1387
>733
1615
>734
1259
>735
1072,1566
>736
1201,1396,1230
>737
1424,1011,1666
>738
1239,1472
>740
1253
>741
1326
>742
1554,1067,1385,1139,1527,1339,1506
>743
1676,1272
>744
1329,1292,1434,1680
>745
1584
>746
1300,1153,1515
>748
1531,1358,1232
>750
1378,1033
>751
1090,1093
>752
1168,1003
>754
1275
>755
1436,1098,1043,1458
>756
1379,1389,1322,1539,1187,1479
>757
1403,1535,1163
>758
1305,1072,1493,1337,1566
>759
1149,1173,1547,1159,1092,1494,1047,1476
>760
1184,1628
>762
1388,1232,1587,1057,1619,1471
>763
1285,1287,1393
>764
1589
>766
1513
>768
1588
>770
1128,1209,1505
>771
1062
>772
1235,1135,1596,1188
>773
1323,1672
>774
1580,1676,1272
>775
1176,1556,1382
>777
1148,1612,1370,1176,1355,1187,1463,1382
>778
1267,1634,1586,1386
>779
1174,1427,1276
>780
1038
>781
1544,1568,1507,1368
>782
1127,1194,1549,1694,1506
>783
1693,1643
>784
1077,1442,1570
>785
1227,1078,1583,1464,1017,1216,1170,1025
>787
1630,1409,1112,1036,1495,1282,1649
>788
1184
>789
1322
>790
1303,1169,1053,1454
>792
1451
>793
1439
>794
1351
>796
1325,1193,1695,1297,1215,1354,1669
>797
1581
>798
1349,1546
>799
1262,1291,1311,1041,1043,1280,1458,1012,1101
>800
1404,1289
>801
1140,1259,1360,1112
>802
1545
>803
1148
>804
1691,1037,1552
>805
1377
>806
1492
>807
1654,1069,1289
>808
1324,1441,1606,1518
>809
1399,1655,1631,1550,1418
>810
1569,1109
>811
1647,1457
>812
1342,1209,1544,1568,1507
>813
1582,1698,1177,1479
>814
1304,1604
>815
1329,1680
>817
1325,1257,1247,1465,1186
>818
1140,1145,1633,1076
>819
1010,1670
>820
1404,1133
>821
1120,1628,1325
>823
1466,1127,1138
>824
1420
>825
1158,1034,1024,1023,1053,1444
>826
1686,1044
>827
1599,1598,1414,1001
>828
1501,1042,1040
>829
1117,1440,1564,1557,1663
>830
1128,1358,1098,1043,1458
>832
1298,1419
>833
1600
>834
1567
>835
1120,1527,1139,1040,1640,1578
>836
1632,1217,1360
>837
1402
>838
1613,1479
>839
1208
>840
1153
>841
1034
>842
1401,1406
>843
1588,1111
>844
1149,1547,1159
>845
1225,1160
>846
1625,1261
>847
1079,1315,1497,1065,1334,1028
>848
1194,1610,1157
>849
1154,1644,1021,1627,1447,1560,1290,1563,1289,1607
>850
1674,1490,1401,1338,1422,1623,1103
>851
1206,1655,1190,1418
>852
1079,1447,1500,1035
>853
1395,1379
>854
1443
>855
1468,1600
>856
1128,1359,1048
>857
1526,1069,1015,1654,1623,1606,1572
>859
1417,1449,1284,1606
>863
1093,1503,1090,1592
>864
1054,1372,1016
>865
1173,1153,1494,1383
>866
1029
>867
1176,1382
>868
1082,1352,1333
>869
1468,1044
>871
1027
>872
1396,1230,1201
>873
1614
>874
1364
>875
1074,1026
>876
1222,1218
>877
1376
>878
1267,1057,1587,1471,1034
>879
1545,1497,1554,1385,1058,1290
>880
1194,1181
>881
1040
>882
1600
>883
1321,1125,1613,1395
>884
1676,1578
>886
1393,1285
>887
1523,1340,1104,1110
>888
1203,1284,1537,1006
>889
1546
>890
1089,1193,1215,1078,1669
>891
1124,1637,1130,1265,1644,1041,1101,1478
>894
1607
>895
1267
>896
1420,1571
>897
1167,1206
>898
1137
>899
1266,1620
>900
1421,1244
>901
1463,1612,1298
>902
1504,1350
>903
1586,1257,1186,1247
>905
1449,1061,1102
>906
1124,1222,1397,1462,1130,1041,1012,1478
>907
1464,1017,1216
>908
1267,1284
>910
1143,1652
>911
1272,1676,1580
>912
1068,1455
>913
1263,1585,1411
>914
1081,1536,1164,1368
>915
1694,1506,1150
>916
1518
>917
1044
>918
1581
>919
1082,1196,1370,1352,1333,1355,1642
>920
1144,1050,1651
>921
1540
>922
1323,1110,1443,1672,1136,1290,1282
>924
1040,1578
>925
1486
>929
1092,1002
>930
1460,1434,1346,1212,1456,1299,1178,1683
>931
1160
>935
1335,1132
>936
1679,1131
>938
1086,1266,1620
>939
1150
>940
1305,1548,1675,1154,1397,1014,1337,1243,1009,1008,1222,1632,1167,1206,1562,1563,1296
>941
1146,1221,1145,1633,1038,1313,1241,1000
>942
1169,1403,1280
>943
1262,1545,1318,1105,1446
>944
1086,1084,1121,1274,1698,1360
>945
1449,1061,1533
>946
1185
>947
1385,1526,1015
>948
1068,1573
>949
1218
>950
1142,1245
>951
1010,1330,1061,1449
>952
1610,1157,1493,1386
>953
1133
>955
1120,1632,1217
>956
1206
>957
1146,1057,1587,1038,1626,1241,1471
>958
1316,1251,1622,1051,1606,1365,1477
>959
1274,1607
>960
1695
>961
1199,1560,1657,1479
>962
1256,1537,1006
>963
1483,1455
>964
1375,1622,1291,1179
>965
1542,1635,1278,1134,1283,1572
>966
1202,1446
>967
1120,1632,1217
>968
1481,1537,1006
>969
1086,1198,1425,1695
>970
1129,1328,1277,1623,1463
>971
1307,1481,1350,1363
>972
1196
>973
1602
>974
1405,1235,1135,1188,1558,1662
>975
1447,1428,1032,1246,1601,1629,1387
>976
1324,1486,1582,1580,1038,1117,1464,1030,1698,1279,1310,1330,1395,1241
>977
1466,1316,1583,1517,1365
>979
1167,1012
>980
1143,1674,1490,1523,1653,1103,1228,1455,1451,1271
>981
1087,1204,1645,1049,1102,1361,1478
>982
1377,1339,1137
>983
1564,1557,1048
>985
1615
>987
1209,1481,1307,1560,1246
>988
1080
>989
1488,1394,1400,1604
>991
1542,1158,1440,1493,1065,1294,1663,1083,1251,1258,1138,1134,1648,1696,1437,1185,1452,1169,1053,1055,1441,1606,1689
>992
1634,1386
>993
1343,1375,1498
>994
1548,1251,1296,1237,1238,1609,1008
>995
1143,1666,1011,1208,1363
>996
1193,1215,1669
>997
1278
>998
1319,1493,1554,1251,1441,1606
>999
1395,1640,1117
